00000000000000000110000000000000
00000000011111110000000000000000
00000000000000001111000000000000
00000001011111111111010000000000
00000001111111110000000000000000
00000000101100001110000000000000
00000000011111111111000000000000
00000001011000000000011000000000
00000001011111111111100100000000
00000001111111111111111010000000
00000000000000000000111101000000
00000000011111111111001111000000
00000000000000000000010110100000
00000000000000000000011110100000
00000000000000000000000110100000
00000000000000000000000110100000
00000000000000000000000110100000
00000000000000000000000110100000
00000000000000000000010110100000
00000000000000000000010110100000
00000000000000000000010110100000
00000000000000000000001111000000
00000000000000000000101101000000
00000000000000000000101110000000
00000000000000000001011010000000
00000000110000000010110100000000
00000000000000000101101000000000
00000000111100001011110000000000
00000010110111100110100000000000
00000011111100011101000000000000
00000000011111111010000000000000
00000000100011110100000000000000
