00000000000000000001000000000000
00000000000100000000000000000000
00000000000000000001100000000000
00000000001100000101101000000000
00000000101101000101101000000000
00000000101101000101101000000000
00000000101101000101101000000000
00000000101101000101101000000000
00000000101101000101101000000000
00000000011100000101101000000000
00000001011010000101101000000000
00000001011010000101101000000000
00000010110100000101101000000000
00000011110100000101101000000000
00000101101000000101101010000000
00000101111110000101111100000000
00000101100000111111100011000000
00000101111111000001111111110000
00000101111111111111111100000000
00000000000000111111100010000000
00000001111110000001111100000000
00000000000000111111101000000000
00000000000000000101101000000000
00000000000000000101101000000000
00000000000000000101101000000000
00000000000000000101101000000000
00000000000000000101101000000000
00000000000000000101101000000000
00000000000000000101101000000000
00000000000000000101101000000000
00000000000000000101101000000000
00000000000000000101100000000000
