00000000000000000000000000000000
00000010000000001000000000000000
00000000000000000000000000000000
00001011000000011010000000000000
00001011010000011100000000000000
00001011010000101100000000000000
00001011010000101100000000000000
00001011010000101100000000000000
00001011010000101101000000000000
00001011010000101101000000000000
00001011010000101101000000000000
00001011010000101101000000000000
00001011010111111111111111000000
00001011110000001100000000000000
00001011001111111111111111010000
00001111111111111111111111010000
00000111111000001100000000000000
00000000000111111111111111000000
00000011110000101101000000000000
00000000000000101101000000000000
00000000000000101101000000000000
00000000000000101101000000000000
00000000000000101101000000000000
00000000000000101101000000000000
00000000000000101101000000000000
00000000000000101101000000000000
00000000000000101101000000000000
00000000000000101101000000000000
00000000000000101101000000000000
00000000000000000100000000000000
00000000000000001000000000000000
00000000000000000000000000000000
