00000000000000000000000000000000
00000000000000000000000000000000
00000000000001100000000000000000
00000000000000000000000000000000
00000000000101101000000000000000
00000000000101101000000000000000
00000000000001111100000000000000
00000000000010110100000000000000
00000000000011110100000000000000
00000000000010110100000000000000
00000000000010110100000000000000
00000000000010110100000000000000
00000000000000111100000000000000
00000000000000011000000000000000
00000000000001011010000000000000
00000000000001011010000000000000
00000000000001011010000000000000
00000000000001011010000000000000
00000000000001011010000000000000
00000000000001011010000000000000
00000000000001011010000000000000
00000000000001011010000000000000
00000000000000011000000000000000
00000000000000011000000000000000
00000000000000011100000000000000
00000000000000101101000000000000
00000000000000101101000000000000
00000000000000000000000000000000
00000000000000001100000000000000
00000000000000000000000000000000
00000000000000000000000000000000
00000000000000000000000000000000
