00000000000000000000000000000000
00000000000000000000001100000000
00000000000000000000100000000000
00000000000000000110011100000000
00000000000000111001111110100000
00000000001100000111110110100000
00000000100011111111011110000000
00000000011111111000110110000000
00000001111110000110010110000000
00000111110001111000010110000000
00001011001100000000010110000000
00000000100000000000010110000000
00000011000000000000001101000000
00000000000000000000001101000000
00000000000000000000101101000000
00000000000000000000101101000000
00000000000000000000101101000000
00000000000000000000101101000000
00000000000000000000011100000000
00000000000000000000011000000000
00000000000000000000001100000000
00000000000000000000011110000000
00000000000000000000011010000000
00000000000000000001011010000000
00000000000000000001011010000000
00000000000000000001011010000000
00000000000000000001011010000000
00000000000000000010110100000000
00000000000000000010110100000000
00000000000000000010110100000000
00000000000000000010110100000000
00000000000000000000000000000000
