00000000000000000000000000000000
00000000000000000010000000000000
00000111111100001100000110000000
00000000000000000011000000000000
00011111111111111111111110100000
00000111111111111100111110100000
00000000000000000010001100000000
00000011111100001000101101000000
00000000000000000000101101000000
00000000000000000000111100000000
00000000000000000000011000000000
00000000000000000001011110000000
00000000000000000001011010000000
00000000000000000001011010000000
00000000000000000001111000000000
00000000000000000000110000000000
00000000000000000000110000000000
00000000000000000000110100000000
00000000000000000010110100000000
00000000000000000010110100000000
00000000000000000010110100000000
00000000000000000010110100000000
00000000000000000011110100000000
00000000000000000001100000000000
00000000000000000001100000000000
00000000000000000101101000000000
00000000000000000101101000000000
00000000000000000101101000000000
00000000000000000101101000000000
00000000000000000111101000000000
00000000000000000001000000000000
00000000000000000000100000000000
