00000000000000001110000000000000
00000000000000110000000000000000
00000000000001001111101000000000
00000000001100111111100000000000
00000000010011110000000000000000
00000000101111001110000000000000
00000001011100110000000000000000
00000010110011000000000000000000
00000011111100000000000000000000
00000001101000000000000000000000
00000101111000000000000000000000
00000101101000000000000000000000
00000101101000000000000000000000
00000101101000000000000000000000
00000101101011111110000000000000
00000101101000000000110000000000
00000001110011111111000000000000
00000011101111111111111100000000
00000010111100000001110100000000
00000010110011111110110100000000
00000010110100000010110100000000
00000001111110000010110100000000
00000001011010000010110100000000
00000001111101100010110100000000
00000000101110011010110100000000
00000000010111100010110100000000
00000000001001111101110100000000
00000000000110011110110100000000
00000000000001100111111000000000
00000000000000011001100000000000
00000000000000000110000000000000
00000000000000000001000000000000
