00000000000000000000000000000000
00000000000011110000000000000000
00000000000000000100000000000000
00000000001011111000000000000000
00000000000111111101000000000000
00000000000000001111100000000000
00000000000001111011010000000000
00000000000000000101100000000000
00000000000000000111101000000000
00000000000000000101110000000000
00000000000000001011010000000000
00000000000000110110100000000000
00000000000111001101000000000000
00000000000000111000000000000000
00000000010111111110100000000000
00000000010111000111010000000000
00000000000100111001101000000000
00000000000011000111101000000000
00000000000000000010110100000000
00000000000000000010110100000000
00000000000000000010110100000000
00000000000000000010110100000000
00000000000000000010110100000000
00000000000000000010110000000000
00000000000000000101101000000000
00000000000000001011111000000000
00000000000011100111010000000000
00000000001000011110100000000000
00000000101111111001000000000000
00000000001111110110000000000000
00000000000000001000000000000000
00000000000100100000000000000000
