00000000000000000000000000000000
00000000000000000000000000000000
00000000000000000000000000000000
00000000000000000000000000000000
00000000000000000000000000000000
00000000000000000011101000000000
00000000000100000000010100000000
00000000011011011111111010000000
00000000100100010111111101000000
00000001011111101100000111100000
00000010111011001111111110100000
00000011100101111010001111100000
00000101111111111010001011010000
00000101101001111010001011010000
00001011010010111010000101100000
00001011010010111000000101101000
00001011000010110100000001101000
00000110100010110100000011110000
00010110100010110100000010110000
00010110100000110000000010110000
00010110100000110000000010110000
00010110100000111000000010110000
00010110100000111000000010110100
00010110100001011000000010110100
00010110100001011000000010110100
00010110100000000000000010110100
00010110100000010000000010110100
00010110100000000000000000000000
00010111100000000000000000110000
00010111101000000000000000000000
00000000000000000000000000000000
00000111000000000000000000000000
