00000000000001100000000100000000
00000000000110001111111010000000
00000000001001111111111101000000
00000000010111110000001110100000
00000000101110001111110111100000
00000001011101100000001011010000
00000011111010000000001111010000
00000010110100000000001111010000
00000000001000000000001011010000
00000000110000000000011111100000
00000000000000000000010110100000
00000000000000000000101101000000
00000000000000000011011010000000
00000000000000001101111110000000
00000000001111110011100000000000
00000000000000001111010000000000
00000000001111111100100000000000
00000001011111111110100000000000
00000000011000000111010000000000
00000000000111111011111000000000
00000000000000000101101000000000
00000000000000000011101000000000
00000000000000000001100000000000
00000000000000000001100000000000
00000000000000000001100000000000
00000000000000000111101000000000
00000001110000000101101000000000
00000010001111111011110000000000
00001111110000001111010000000000
00000111111111111110100000000000
00000000001111111001000000000000
00000001110000000110000000000000
