00000000000000000000000000000000
00000000001111110000000000000000
00000000010000000110000000000000
00000000101111111001000000000000
00000001011111111110100000000000
00000010110000000111010000000000
00000101101110111001111000000000
00000001010000000101101000000000
00000000000000000111101000000000
00000000000000000101101000000000
00000000000000000011110000000000
00000000000000001011010000000000
00000000000000001011010000000000
00000000000000001011000000000000
00000000000000000110000000000000
00000000000000011110100000000000
00000000000000010110100000000000
00000000000000101101000000000000
00000000000001011111000000000000
00000000000110111010000000000000
00000000001001110100000000000000
00000000110111001000000000000000
00000000001110100011111100000000
00000011111111011000000000000000
00000010111111111111111110100000
00000000000001110111111111000000
00000000111110001000000000000000
00000000000000000011111100000000
00000000000000000000000000000000
00000000000000000000000000000000
00000000000000000000000000000000
00000000000000000000000000000000
