00000000000000111100000000000000
00000000001111000011100000000000
00000000100000111000010000000000
00000001001111111111101100000110
00000010111111111111110010000110
00000111111111111111111101000000
00000101111111111000111111100000
00000101111111110111111110100000
00000101111111110100111110100000
00000111111111111011111110100000
00001011111111111111111110100000
00001011111111111111111110100000
00001011111111111111011111000000
00001111111111111111111101000000
00000101111111111111111110000000
00000010111111111111111010000000
00000011111111111111111100000000
00000110111111111111110100000000
00001001111111111111111000000000
00100111111111111111111000000000
01011111111111111111100011000000
00111111111111111111111000011000
11111111111111111111111111000100
11111111111111111111111111111011
11111111111111111111111111111111
11111111111111111111111111111110
11111111111111111111111111111110
11111111111111111111111111111111
11111111111111111111111111111111
11111111111111111111111111111111
11111111111111111111111111111111
11111111111111111111111111111111
